Column,Layer,TDC_id,TDC_Ch_id,T0[ns],TMax[ns],ADC_peak[ns],ADC_width[ns],Resolution[um],Efficiency
1,1,20,2,289.99634960087644,191.89984023537647,170.9826853095404,26.508007641279875,120.20406995050814,0.9772930982969824
1,2,20,3,288.48881610508084,192.19212116544116,164.42485117365743,25.00161064948152,111.20191848817116,0.9882635032811711
1,3,20,0,289.07929208255433,191.88796216228405,165.90215923787565,24.843337068821633,119.95320601000584,0.9948075201432408
1,4,20,1,288.5349699160986,192.69224896472002,164.60527043487147,25.656539196900518,107.84758324883386,0.996016928055763
1,5,21,2,281.77336050797487,201.77753582588275,160.50348709170882,23.894574463410663,107.87032265952801,0.9959349593495935
1,6,21,3,277.6288336273144,203.98217849734033,134.23988805640334,20.981284534888115,107.50983411638757,0.9912361623616236
1,7,21,0,280.362832844256,203.87677474004147,146.77687693685965,22.873837222279803,108.5046192455276,0.9975010412328197
1,8,21,1,279.46777841355106,202.52590864331154,146.78975203224547,22.900596861474725,109.9380815418673,0.9868631848766422
2,1,20,6,287.558554060241,190.8458033392683,149.34365066141868,23.727637302749066,113.46257489322484,0.9845268082043901
2,2,20,7,286.2301076914708,192.22192376992308,143.91101317832948,21.051282944295846,112.19339263631228,0.9887940234791889
2,3,20,4,285.7343182767674,190.71993885346427,140.88938018026283,22.429577628056972,108.31024754119052,0.9920944215566195
2,4,20,5,286.27661163703897,191.8684037939679,147.14003133314674,22.502366131730327,116.47880997089553,0.9926746987951808
2,5,21,6,277.96269281754724,202.3043643854213,133.45531994447248,21.238966626985174,111.35335675662584,0.9929251036838254
2,6,21,7,282.07792768816796,202.38265390930985,168.87055267825582,25.359333190539587,109.59334249905304,0.993458801927932
2,7,21,4,279.24859152330527,203.10038309602345,144.42663984941132,22.966253183718543,106.47684181130548,0.9928483014715995
2,8,21,5,278.17350086308466,203.64475879629362,128.10384989326948,20.04773500495843,107.27341678874576,0.9921864653688254
3,1,20,10,289.9864008389915,189.32099666401734,182.33991302707096,26.226458155310794,117.18570864908584,0.9830770818285006
3,2,20,11,288.6923201753839,190.05907704768526,160.78213569096175,24.421412323449772,115.02761644502509,0.9905401570333933
3,3,20,8,288.276093729489,189.28152396342466,159.4652217836823,24.032317831424407,114.51285436875443,0.9935532802427001
3,4,20,9,284.8678514709514,191.21865055597846,126.05667094370844,19.619348072022426,115.59752146041238,0.9911433885395448
3,5,21,10,281.7674401190485,203.48008549226665,162.08142073855817,23.977775129721067,113.51821588401717,0.9945134276638753
3,6,21,11,278.8699219879829,201.35419371203153,135.09094347379468,21.18562340880498,117.5537414641442,0.9928818776452482
3,7,21,8,282.9828487844607,203.81025164337592,185.90028173614363,26.855340009014583,109.74295039719011,0.9948349427352347
3,8,21,9,283.3761147574308,202.66038630300346,171.86423031640967,25.11573588820644,117.72491013481061,0.9917677642980935
4,1,20,14,287.87166922805403,191.02750640395124,154.5830677569454,24.305113650173325,115.09937750504051,0.9831381733021077
4,2,20,15,286.2709138279813,189.0870923751857,136.27849945735562,21.134159470269086,107.96622782559248,0.9880266075388027
4,3,20,12,287.3111666377609,190.2509356292868,148.41663091599867,22.745828412460654,109.85959318578658,0.9931058865122857
4,4,20,13,288.86429130625856,190.8969892279042,159.67285263769628,23.859882469417194,117.48102707471067,0.9907874152616026
4,5,21,14,281.6945645658237,201.2451929090745,152.32902602686283,22.9872509654015,115.67014441149658,0.9925873632192023
4,6,21,15,281.41231000446396,203.57022713682636,161.57158505879977,23.2142114293281,113.23928435171264,0.993795976247452
4,7,21,12,281.8887017631314,202.66138099371665,161.82476315519816,23.990646072617288,110.31585432381976,0.9925700133358735
4,8,21,13,279.6484628849209,202.60513543441704,134.66137159727685,20.84702259546747,111.54501574477908,0.9911393624193393
5,1,20,18,286.22296651941105,191.03837012312408,135.18769028748318,21.059430104058833,120.81295303327336,0.9838651523345953
5,2,20,19,284.1576953783743,189.7969826021906,129.06611584803582,20.118517727014428,115.09521650818543,0.9880106571936057
5,3,20,16,287.96205845685796,190.30585791067114,162.61059208546277,25.747291120798657,111.05070753563554,0.9920648915535178
5,4,20,17,283.5644280960884,190.7161373019888,125.6533005499841,20.801215261547227,120.15114330916153,0.991808332599313
5,5,21,18,278.2606308808061,203.84861332852364,138.44816648867968,21.646223164188363,105.7329168320738,0.9934758348356082
5,6,21,19,280.278348640889,202.69938916731815,147.71594990026418,22.85491580657674,105.4112717039051,0.9950025848698949
5,7,21,16,281.1738153312264,203.32378543398113,158.06635631546146,23.56034400188327,107.26385229262725,0.9933333333333333
5,8,21,17,279.9033699931605,203.0661675370418,143.52925133732376,21.79756693655444,108.83368038067826,0.99111619315683
6,1,22,2,289.415056687587,189.7380321113239,170.80784648556363,25.634586911225533,118.50426438415191,0.9799748563218391
6,2,22,3,289.03355517761804,188.61811777728445,167.01372561315534,24.521175714494085,108.11289233440895,0.9888509260924294
6,3,22,0,288.4096208512307,189.68941843843425,163.4982390722271,24.025318387244482,112.55431530361047,0.9927237661085299
6,4,22,1,287.27266236915267,190.60942293383465,150.9538759409619,22.275638672823362,114.08527455251553,0.9916210971952726
6,5,23,2,281.7525170743786,202.24310808871235,170.22402432436047,26.093155861619962,119.04801859009572,0.9928020565552699
6,6,23,3,279.3009248154522,201.00186172438333,153.16704807392622,24.15122390548694,104.36677285281962,0.993826631226957
6,7,23,0,277.09999495929765,203.0184300986603,140.1277773377489,21.987513119141205,101.85775874416947,0.9940747101760412
6,8,23,1,280.1138215744627,201.9535450798155,163.96697744404221,24.28158293578003,107.80614049488598,0.991085968972315
7,1,22,6,286.09771685202355,190.1914394537111,146.52684487990342,23.406387353877676,114.28664974370103,0.9827632885118671
7,2,22,7,288.9285423824842,187.42880107685494,168.87439454653787,23.185422903966174,104.48072718089655,0.9897135763057551
7,3,22,4,286.6212671669123,189.60579859505594,145.63227916274604,21.799717541800575,111.24285285506464,0.9920455572629485
7,4,22,5,287.22497937273107,189.82134985272268,150.3389645921551,23.113064201194277,111.90813425620144,0.992200107584723
7,5,23,6,279.3723043883869,202.24015977608218,147.20627444929457,22.97123667101057,107.74806212194686,0.9928778686362437
7,6,23,7,276.39635458653083,203.64781936738564,126.64045503002268,19.668547987541352,103.5323389969165,0.9929797191887676
7,7,23,4,277.9038665467368,203.93455401273786,146.7419392461336,24.187934197678445,101.23188428300001,0.9920945256715403
7,8,23,5,280.73929422804224,204.04917193161316,164.36357856726127,25.123572299568018,115.44649077339804,0.9891864057672503
8,1,22,10,285.76504918302754,190.9334778990057,145.80430950817316,23.879796572735398,109.18821014516095,0.9840042655291922
8,2,22,11,288.0112553510058,189.54495354975535,166.07400325108026,24.009070624823586,105.57824474805102,0.9896038716615881
8,3,22,8,287.83916163538686,189.79291733422463,164.86713575143244,26.404420110266273,110.95890463215608,0.9927823254995158
8,4,22,9,283.20397624024775,191.79589212969785,120.01415425577643,19.61529991815543,110.19083343413554,0.9942090023690445
8,5,23,10,280.134257381266,202.30887106919022,167.7486616694041,25.981148941750867,109.6782151227276,0.9923572348647488
8,6,23,11,278.1653903134749,202.59377055005046,135.39787226212295,21.873239625862023,107.02280798334897,0.9929734361610968
8,7,23,8,280.0061598100184,201.53183570252008,152.49237917613058,22.538044106729295,105.42938317716434,0.9937371310912835
8,8,23,9,278.3845550947213,203.52631531066794,134.98694145416613,21.073437191543768,114.40399117078421,0.9894261106847446
9,1,22,14,285.72169134006174,190.3558289522299,143.4725448789291,23.315101173998094,111.62921204790638,0.9838389310220296
9,2,22,15,284.8793859250115,189.1291220018901,132.06402255977227,19.36472157193372,104.55909588630801,0.9901943145016193
9,3,22,12,288.1940465251315,188.12348564373275,162.70396048832063,26.069098267655406,107.39185317121691,0.9946524064171123
9,4,22,13,288.3023163910084,189.73146593775596,165.92090558147646,25.739202517280823,113.97172842986768,0.9915329768270945
9,5,23,14,278.335183238091,203.57044136337908,144.93087512451106,22.388111809860078,106.23199312982815,0.9924479166666667
9,6,23,15,280.2404397428165,202.7734859375936,163.04927756042287,25.0005710674101,100.17499312030874,0.993877907993703
9,7,23,12,279.253223629373,202.09019017317507,150.6574984137746,24.650686042530822,100.66943627622675,0.9936938493434693
9,8,23,13,276.780995397479,203.590316413089,122.85711436908399,19.17631063113795,108.69565571353813,0.9920137398024903
10,1,22,18,287.4177578240232,192.196686153823,163.94084280874546,25.65730425053134,114.5394292204275,0.9843249020306377
10,2,22,19,287.64283631088307,189.95811037361125,159.08526577056543,24.796572835809414,103.91731936139065,0.990596167494677
10,3,22,16,286.94671152656935,189.20840975325655,157.48933107571042,23.550049349558478,105.11516001590108,0.9927201704545454
10,4,22,17,286.2332251055679,191.93375096842408,151.53390805865882,25.180723956756374,106.90489697911313,0.9919566357754852
10,5,23,18,278.6201622830913,202.36242363474696,139.64900475261922,21.198013278904895,113.07063876022748,0.9922616953921913
10,6,23,19,279.902355300297,202.2421461735981,158.444288278717,23.27318908327689,102.66297847591638,0.9926886587170337
10,7,23,16,280.0032585415066,201.8596586310448,158.44746265524205,23.35987745117515,103.96746936101566,0.9914077417115085
10,8,23,17,279.84853146027825,203.25475474249555,153.55228728596566,23.52474169171009,109.11011337567156,0.9897334138555776
11,1,22,22,285.4457043207985,190.5966779949814,137.8514904674183,21.587820251120505,110.08325373296036,0.983162254637133
11,2,22,23,286.5398077810267,188.65802691871232,140.56185292265462,20.649039714218226,106.67324515626811,0.9889669899457247
11,3,22,20,286.9784186782958,190.495826350416,163.40981959593745,25.811548822310872,101.69706110431059,0.992269173328648
11,4,22,21,288.3725083707887,190.43464496527264,168.59443354725605,25.68460282051494,108.77611638488868,0.9912551894708947
11,5,23,22,278.89132900398687,202.20673801920606,146.92855283570003,22.841093697876715,104.99295035718345,0.9922192749778956
11,6,23,23,280.5483522177488,201.2607086771796,159.55773295631582,22.949077614814257,104.53144678283647,0.993920972644377
11,7,23,20,276.7643024003006,201.57284708918746,126.28087071174808,19.08779265298277,100.18506430259832,0.9922453903153541
11,8,23,21,282.22037586863604,202.54418870592446,185.40011341015804,27.233206964010343,113.03414975822044,0.9911594695681741
12,1,24,2,281.9469356722922,190.6392047946306,127.78505794182999,20.723176711727778,111.08815681692234,0.9810739436619719
12,2,24,3,281.3083208595744,190.95685240940958,132.93683187462076,20.992282872267385,103.2342481303818,0.9909710542621935
12,3,24,0,282.9848044796909,189.2908232376796,145.50405425474787,23.312032761873574,103.85986003294833,0.9930869449614464
12,4,24,1,285.57096015259197,189.26671837554215,178.09188566437223,26.77465856533655,109.93440727141495,0.9910479199578726
12,5,25,2,276.6332057251435,202.91962999421224,132.23573589686623,21.129691762046438,108.5957493882541,0.992552178054906
12,6,25,3,278.4911797642688,203.67071103262532,142.80947704140704,21.52213639915004,103.90171390256958,0.9937322915772302
12,7,25,0,279.79321758407633,202.69437266904634,165.40104911855138,25.286268214938396,98.54256512175247,0.9935891956577485
12,8,25,1,280.8765366880317,202.43693974682895,176.68767129145806,26.065276130298606,106.9475490029696,0.990645463049579
13,1,24,6,284.9073948777638,190.86573269723448,167.32124793292343,26.294774885203747,115.69045888705693,0.9833288276110661
13,2,24,7,282.38172951812413,189.68487677940624,142.39661746260316,21.348903389582524,109.4200948088683,0.9894117647058823
13,3,24,4,282.36157118318556,188.01073093731094,140.4804608947498,21.844134154078887,110.25802658373911,0.9924771628156905
13,4,24,5,282.796289087775,191.24654960128095,147.0087470839231,22.888596287899958,110.07169533810507,0.9927817377966255
13,5,25,6,278.23251183295906,203.0852874463132,138.23608080663314,21.8522730376758,105.18233312524661,0.993422738532502
13,6,25,7,279.60037132584836,204.632410840182,154.89932228620387,23.13709675890822,111.75726568831848,0.9924560651521646
13,7,25,4,279.68372611995005,201.28408019348143,153.20649555951252,23.33302983872855,102.19502506228451,0.9928704803938211
13,8,25,5,281.1495678263249,202.34731661014132,174.17766011727977,25.27741095127802,107.46825786293586,0.989642584260124
14,1,24,10,284.15808732729374,189.05195593489992,149.60968628865723,22.619510892876526,112.7342430273042,0.9799432182434289
14,2,24,11,284.23593059762067,189.47993498837957,152.14690771022634,23.527657676311506,106.18404852391366,0.989073505508398
14,3,24,8,280.9822162753496,189.08674831739467,131.16000906817317,21.49862246041348,110.24840120920334,0.9915528396836808
14,4,24,9,287.37736335558304,190.2199579388634,179.48624037006562,26.058788907528594,125.25898838522795,0.9931409228576519
14,5,25,10,283.71429603421456,202.97224424312031,209.03065048704377,29.47304465151437,115.65551530371627,0.9939553219448095
14,6,25,11,280.49052866793386,201.37861769859808,160.70311265012606,24.523543231767157,101.38986559253118,0.9924288573666348
14,7,25,8,278.1632259288334,201.66524845657966,140.21191030586624,21.747083528889554,103.73081152525334,0.991437467566165
14,8,25,9,278.5805934254521,200.8897253579962,127.7519056648114,19.284288358373477,106.49227621154208,0.9899671337138903
15,1,24,14,283.4670573345382,190.78112361579036,140.93212655616742,22.413285310797473,108.95973406370197,0.9821910415542364
15,2,24,15,284.74183452037573,189.60109182844843,159.5315943682897,23.63667213603,102.0479279740357,0.9887820512820513
15,3,24,12,282.58036012746487,190.5681420399655,139.04691033352094,20.966110841780868,107.29659101675279,0.9935403946553403
15,4,24,13,281.1458615894586,192.83407757514652,135.63017105163098,21.563097280056912,109.57443785589658,0.9921397379912664
15,5,25,14,279.1442703016773,201.9341782136683,140.67135377424586,21.770628182901852,114.99809692325887,0.991190203506299
15,6,25,15,278.6065954531571,203.02079455119838,140.43433191037224,21.328891468474893,103.96933381995916,0.9941084734014902
15,7,25,12,280.4229132364501,201.26566274038498,165.0366925612961,25.04302181648285,104.19360507318612,0.9916644959624902
15,8,25,13,280.0040740045666,202.45321705540903,143.5952180284672,21.71362791153262,112.58334459458963,0.9893235394601981
16,1,24,18,282.2179453673712,190.63679420900695,133.3342942373315,20.025675768244568,110.39869693692384,0.9841624910522548
16,2,24,19,283.3700116310665,188.558646320172,148.66665991985124,22.716748681382207,107.02174460927904,0.9881552196587996
16,3,24,16,284.8248505224812,188.8485707076194,154.84963945133472,24.387585533515633,106.31908278466803,0.9914454537437164
16,4,24,17,286.1041733904038,190.42968448628147,171.40727327596818,26.709725228799016,116.783702285397,0.9934181268344748
16,5,25,18,278.106382310901,202.63717244993677,139.0944148599178,20.447859132083302,107.93055723688816,0.9931583961202044
16,6,25,19,279.6930937592665,201.08904916415878,146.4860484982285,21.580220324924703,109.06203169381297,0.9932668541719936
16,7,25,16,278.5312352526156,202.14829943447126,146.27337431188673,21.71310399918181,102.4794229810688,0.9935680433310765
16,8,25,17,280.8761705884707,202.61498768580321,165.2801926879638,24.42501105283455,109.70868300237038,0.9911384926998059
17,1,24,22,282.58508690825033,191.50423366812805,141.26737988726632,22.397483987748334,112.92944908155225,0.9849099894105189
17,2,24,23,286.83235368154635,188.08135525359546,173.61920714868128,24.661200723560157,107.1093477962919,0.9902582893913665
17,3,24,20,286.476937001602,188.4779733498558,183.14610103986874,28.31898779956823,105.35619421213319,0.992586054721977
17,4,24,21,283.80666088464085,191.21407800775773,156.1216667111521,24.418373341033757,106.58694782379627,0.9932574430823118
17,5,25,22,278.1439078599097,199.7204247308635,129.032246868499,19.185976196543155,109.65960036072026,0.991463105401065
17,6,25,23,280.2180588135008,202.95990279110327,153.473568909042,21.718163196661486,108.22820311753482,0.993869268629652
17,7,25,20,279.656924026987,202.54497275475512,161.19196815482508,25.057377466960368,101.07931384868735,0.9928503747092773
17,8,25,21,280.3189634654615,200.8313849939757,148.69704442446033,22.146826689256393,106.91947883405159,0.9907352316192095
18,1,26,2,288.8324558331774,189.94387385385386,153.29897728672353,22.86518899644041,113.9869507835249,0.9811027935000913
18,2,26,3,289.20699629139125,189.82620596845896,152.31584961261046,22.61972085965379,109.45353976448324,0.9893474174201057
18,3,26,0,291.0204703563553,188.88033641240463,177.67468349094318,26.361493991296022,106.3328832657162,0.9936005688383255
18,4,26,1,287.5701196234168,189.99854592789728,139.28864859435765,21.623038662176896,113.33279673822791,0.990161318915086
18,5,27,2,277.41033657803854,202.06237508903382,136.79983464584234,21.59806677805647,105.44778258758569,0.993711790393013
18,6,27,3,277.68393664698254,201.99386505347803,138.59964515991325,21.197816190183374,102.8022432392438,0.9936223390502457
18,7,27,0,280.55980056453626,203.74876611311646,172.3103340486203,26.663935516121423,103.40952615594362,0.9934987168520103
18,8,27,1,279.88648778833823,200.9995703205227,158.2588169435061,23.241142318098618,111.41264154309901,0.9910412440838404
19,1,26,6,287.46988979775534,189.63219214408036,136.00605445431242,20.678015744973493,113.45899557343627,0.9809717674130454
19,2,26,7,289.42414481805423,190.0970498622765,156.64604887139856,22.364108974894705,105.22888277651265,0.9906776622445321
19,3,26,4,291.1133036411069,189.38032862401542,181.22775345988384,27.357523728271353,110.31646805563763,0.99187282307761
19,4,26,5,288.43359861441957,188.4473370655113,137.8910111635448,22.13270316890457,108.50400473601775,0.9914772727272727
19,5,27,6,279.589543546407,203.34930410310545,158.9609460783403,24.47474215479729,110.27128010047441,0.9927209705372617
19,6,27,7,279.11176784960963,201.05141532912126,147.84015106003324,20.67895276003148,100.11874208193214,0.9929644749413706
19,7,27,4,277.2183415565573,202.98688746207824,134.7404320272724,20.54375740668197,105.32450846924094,0.9935771174102938
19,8,27,5,279.4554910308372,201.51903815343047,147.55099732470907,23.619888451616937,110.4857877562767,0.9884442911348741
20,1,26,10,288.41482325513704,190.37192424013494,144.23076002919618,22.989626310744676,110.4883760073721,0.9822522522522522
20,2,26,11,292.60845811072403,188.29605025501957,181.92754292944247,28.45693038219037,108.04822360360384,0.9895712630359212
20,3,26,8,290.8673509542091,188.64968709762138,167.90330246886452,26.955590914005576,105.681674955006,0.9923117709437964
20,4,26,9,290.97594794335464,190.84629434956787,168.01391010585593,27.71616478324911,115.14999805519777,0.9928007023705004
20,5,27,10,281.328999305547,202.54518898362056,170.99349565231955,25.48600569244426,112.2283524152961,0.9928835002635741
20,6,27,11,279.1914539240034,201.248983240845,148.25080458738935,23.29651901629837,105.64613410993697,0.9932060543515652
20,7,27,8,279.11599076670865,202.49713782293446,145.33948973747786,23.610253652082715,105.53645748317123,0.9923017040048439
20,8,27,9,278.9588557255331,201.28183365820524,136.94374888287652,21.38933001382452,109.18969984736,0.990839825357418
21,1,26,14,289.36366157023866,190.30292820866367,152.8533849460174,23.0201394773147,112.03426718709639,0.9822704419158508
21,2,26,15,289.3696656874875,188.23264444165153,143.0736321525359,21.994563331183155,109.45038610438411,0.9896824690918794
21,3,26,12,288.89385094388695,187.84269617213073,149.4514936324659,23.915024485055916,108.96159753332721,0.9925716307039264
21,4,26,13,291.2932713691889,189.92818807859794,173.9429885968217,25.931123278235617,107.10132008852811,0.9924653933765551
21,5,27,14,278.09923537422264,201.4090978711671,137.8704888528306,21.572702245893346,107.45628220404363,0.9928057553956835
21,6,27,15,281.25743000419135,203.21678598854527,164.1812750414751,23.763072147184502,113.16394621369507,0.9956824389814081
21,7,27,12,281.1623636721501,201.5275359109657,156.2758920605585,24.634762545365014,105.01592139007427,0.992438727620372
21,8,27,13,280.99051542794876,203.7858414142599,166.14815911336785,25.438137773818355,108.81240973037784,0.9912531393435524
22,1,26,18,291.4061968363146,187.80774311637373,177.3447218486539,27.684701947306472,112.77388137721739,0.9834926934872813
22,2,26,19,290.5683761357677,187.98562715518176,160.98709807232643,24.45141716939738,104.66215590168372,0.988408662054093
22,3,26,16,288.49388078315815,188.41743083409358,144.0364149334847,22.377519286215758,108.96534543740675,0.9925597874224977
22,4,26,17,287.9316241462964,190.65597729182332,139.67944547144234,21.74243147026945,112.7728530260501,0.9943030087235178
22,5,27,18,279.2085669811621,203.43727965122127,150.0007959572505,23.354771547006706,108.01560674088388,0.9941475169980205
22,6,27,19,281.8933134716373,202.12908767135184,184.51675955574757,26.880359508275163,104.59377986385344,0.9942808365343576
22,7,27,16,281.0340418957396,201.69402813580672,170.69802733476968,26.321202233843827,101.0367640867154,0.9928386540120794
22,8,27,17,278.6992035053475,202.27513455765893,140.94451048939922,21.613478653948473,112.0076152059544,0.9902986333727012
23,1,26,22,289.12394729042927,190.187848169525,162.30449476400145,26.626248026301127,107.49574449018927,0.980431057805032
23,2,26,23,289.808574468784,190.09511609871913,160.869930981202,23.36107150769363,103.65854266381606,0.9875411586722435
23,3,26,20,290.50037644377835,191.1080284125415,182.9856120830978,27.63033692242675,109.55651888182551,0.9933309300648883
23,4,26,21,286.1294930714882,192.20294159692844,131.0080848454739,21.951453516311076,107.40714744141225,0.9916474142527102
23,5,27,22,278.35779025939996,201.57927465614324,150.94622919115434,23.482233380971827,111.89581921796866,0.9931286422545011
23,6,27,23,282.2393881086283,202.3975954276508,185.4838681738198,26.639476405457877,110.81846318499136,0.9907262957184954
23,7,27,20,279.98882612065614,202.53626013094606,152.87859033272554,22.342225091453365,107.67417713310589,0.9931016862544711
23,8,27,21,281.10858009237467,202.60969226680083,162.42688844744964,23.349246977426624,111.60831242114921,0.9893817434492208
24,1,28,2,284.63079307368236,191.5009487719588,139.00074616301254,22.447324311692547,112.10107401329363,0.981950742420201
24,2,28,3,283.56663063304245,190.4980057464585,128.07982272032336,20.86077231256667,108.60647519582389,0.9900376952073237
24,3,28,0,287.0763540062395,188.7936778024167,160.01249318962513,25.50759202385445,105.87479069333766,0.9936221100186022
24,4,28,1,281.63605339221283,189.55852616367014,110.60759683360865,18.12006875065009,115.9140204613727,0.9916873010258225
24,5,29,2,279.255022830466,201.64601745767408,146.7128355962352,22.367345875518858,105.80326743795743,0.9929220552254456
24,6,29,3,280.66643247378397,202.34798766615103,164.16458398506688,25.181412514037866,110.68066442087394,0.9947368421052631
24,7,29,0,277.78737137925435,202.92309880144188,137.56061132940522,21.615478694576094,102.84489555713404,0.9952957574701629
24,8,29,1,276.97783948160014,201.8392320734735,133.31436571922126,21.265670878126897,108.76912894254816,0.9896238651102465
25,1,28,6,286.97963451133467,189.70167696083763,157.8085607593564,24.404033310668353,111.92853691974713,0.9843299711815562
25,2,28,7,286.55158888790214,190.64547464748375,148.29336453198957,21.19614717760426,109.32350893146945,0.9894679989197948
25,3,28,4,285.75277074586614,188.5125215923369,148.79845944789184,23.773003650522977,108.71748236996002,0.9937084307028582
25,4,28,5,284.4519196638724,191.57175995546078,139.77698879417312,23.205893873437084,109.90721434041482,0.9908663651680412
25,5,29,6,276.8489979198009,203.15812321239417,136.4257723600858,22.228619353414906,107.16158851571655,0.9925333801827125
25,6,29,7,278.95396948770593,203.17007015905722,141.1338291939363,20.989455003982176,110.0144234177201,0.9943402900601345
25,7,29,4,281.29772390056735,202.006273311389,172.01034741040496,26.477549186530013,107.82522532217298,0.9928302876628486
25,8,29,5,278.31341460086355,201.0360941610761,140.19048079717535,23.175701736966403,112.3759055116019,0.9903846153846154
26,1,28,10,285.3673915234994,187.86224499126462,136.477416845893,21.797725120726245,115.03896267118667,0.9814016172506739
26,2,28,11,288.8763295918679,190.55623459428665,179.18829532915726,25.145299547904784,114.60392366990328,0.9891431135038133
26,3,28,8,282.3478796985359,190.5910353572786,118.91112059071374,18.093055534875347,110.30932299486497,0.9934069850320741
26,4,28,9,282.95103497515686,191.43062214964647,124.24749034142054,19.10699344133847,112.50293417108405,0.9920127795527156
26,5,29,10,283.7598153396318,201.91539099164714,195.13496822167244,27.82731443325495,116.7399940021668,0.9929515418502203
26,6,29,11,280.7599095322175,202.9791916714292,169.3104082680844,27.284894013241313,101.87420377172506,0.9944993553932101
26,7,29,8,279.8681291459633,202.26525215340558,154.47513218916762,23.093231701210073,103.78675927282345,0.9933217692974848
26,8,29,9,278.28205386076996,204.11495923030435,144.09577752079272,23.4840594985897,108.43829547451284,0.9895896590613342
27,1,28,14,284.9823932954905,189.39338626335564,141.08991442512902,21.854618704866525,113.08313824902179,0.9800325262016625
27,2,28,15,285.98410233666135,189.08733629825264,155.99927999005084,22.744390799555184,104.55550011945655,0.9873235637867481
27,3,28,12,288.44855106984465,188.60419445602514,173.3709317828435,25.60507569615147,109.50961281418213,0.9936782120915324
27,4,28,13,285.99158403789045,190.51000154319473,146.56222261678369,22.64019876418922,110.13863459082854,0.9925386391899094
27,5,29,14,280.4887126426592,201.2746030248635,167.5415511541651,26.546228173909206,108.32226378128024,0.9935523220353751
27,6,29,15,281.2142933793023,201.1537844784345,163.25591428531587,22.642099121532496,106.20544495807955,0.9954092680814205
27,7,29,12,276.56630533404007,203.14527791762134,124.54276970559152,20.428078012349886,100.94918903169979,0.9939114551622162
27,8,29,13,280.37552185053056,200.7855172825254,156.2670455514366,25.17320480697,109.09117482433831,0.9886498390648822
28,1,28,18,287.5526656867257,190.73974205639462,170.29145370515562,27.605003426066016,113.14788113833094,0.9839928057553957
28,2,28,19,287.08775979708184,189.5402200623151,170.2509839418405,27.18973649186026,103.38963914535871,0.9896657081236521
28,3,28,16,285.28433370798194,189.68868515322384,146.87456423640702,23.53127770182254,104.43950188730737,0.994699964067553
28,4,28,17,287.99187518155736,189.51857752534983,161.73040610388256,24.23798646274081,116.24535989174895,0.9919101123595505
28,5,29,18,281.30706143223455,202.8025503027058,178.11323492350596,27.60529478777076,112.41963731314723,0.9936791064161399
28,6,29,19,280.9142402526075,201.35818013247479,176.37925243296442,26.264138883385836,106.97728451863715,0.9938618483617186
28,7,29,16,279.37673663034747,202.13647150721084,155.12773135967834,24.64630303497503,102.01420829060605,0.9934035809132186
28,8,29,17,281.8293604323949,201.26181501240563,179.51692928006997,27.50660599161838,110.0343596230068,0.9913851927669737
29,1,28,22,285.4085903884053,189.2814794717209,145.77631129175262,22.87215100910189,110.70624208733511,0.9829845313921747
29,2,28,23,288.64618464847854,190.6830106693825,176.8199272007668,25.56694263493543,113.42354322556756,0.9888344226579521
29,3,28,20,282.05874118020705,189.36879345719012,122.18171186120391,19.163114508989622,110.79716520861888,0.992305627628165
29,4,28,21,286.2684227178045,189.895233547965,154.2375219336575,24.525395589799714,111.78404973464465,0.992320057153063
29,5,29,22,278.98450419918953,202.3472133009322,151.11114619319727,23.590871584844322,110.14908873035915,0.9925476603119584
29,6,29,23,277.78906591349937,203.48392447901995,141.0055782649133,20.586742556657175,101.28607388427513,0.9944260581780178
29,7,29,20,277.20438897907707,202.6939372357126,138.71994985378566,22.0143853956791,99.26644796115022,0.9936919273719206
29,8,29,21,279.25947510934316,202.99090775365255,146.55001373677953,23.684187337012617,109.84553987779971,0.9895283427087841
30,1,30,2,281.2729876221849,189.79377056480598,136.69136542946038,22.343276411073617,113.17826563554756,0.9814647377938517
30,2,30,3,280.3711115403334,190.84055161933406,128.97632890390292,20.01382233901579,102.22821086995619,0.9897589269530542
30,3,30,0,286.0280855703213,188.34551174769132,187.4593419535617,29.05838253981777,104.99093967646529,0.994057801386513
30,4,30,1,282.1563980946951,190.27887207989232,143.7331123438508,22.62156619589687,111.90447979873365,0.9922835352175864
30,5,31,2,283.5200330233521,201.4834898474943,153.68811792493074,23.009557845447198,107.9448311313477,0.9934227834780321
30,6,31,3,280.6347482502673,201.79190514677447,128.1667002772664,20.035918892887622,108.83495429992402,0.9938418228204452
30,7,31,0,282.8161437620793,201.00183743282759,147.47119566105346,22.161014462899516,106.32900971872185,0.9925464749210803
30,8,31,1,283.06087215366506,201.38505956003343,148.02128796936387,22.915660915056623,111.3657925949375,0.9920456510461698
31,1,30,6,284.4599102950187,189.19824804049074,164.77915241607758,26.007459775110316,108.31046303660368,0.9822555565718467
31,2,30,7,285.74829779496656,189.083368221355,174.2068594459942,25.751473023090938,108.19246176429672,0.9884141926140478
31,3,30,4,284.58202816616443,188.6213263742373,169.6150072125759,26.733502344294774,103.55086028723768,0.9927145169994603
31,4,30,5,278.240860225009,191.18755210074482,111.66253653715333,17.851182425687448,108.09841040560596,0.9915548048715441
31,5,31,6,283.02529658055715,203.84624774936066,158.23139258284976,23.755032775311424,107.84307944558307,0.9941690962099126
31,6,31,7,279.30163109652756,201.3115148341522,116.33201125644688,17.57381668054272,105.59353078812315,0.9920266362919478
31,7,31,4,284.7751845781989,200.93735641830727,158.89941901208,23.292510329490312,109.0282704906719,0.993651069751261
31,8,31,5,281.5015113777428,202.573452881675,137.3987887030498,21.483128801746755,107.43086478919302,0.9898264512268103
32,1,30,10,281.48381153876477,189.7867032091707,134.62391269588227,21.16391227742453,107.80851211641176,0.9815145561707448
32,2,30,11,283.1046271346106,188.9348333752688,151.1956332976033,23.853404448536473,107.47672638870674,0.9876182895551429
32,3,30,8,281.0184619573268,189.47393232934513,136.62228069629683,22.349727309489175,102.04359141997423,0.9919304223078992
32,4,30,9,280.098798882954,190.29092978764942,121.99513537627044,20.293870865697365,111.17189525411682,0.9925518708990956
32,5,31,10,282.7549424870734,203.70885387817577,153.73850867555532,22.485347246475456,105.88716701489882,0.9939606126914661
32,6,31,11,283.3708635659186,201.9143119524046,155.5825796061851,22.854327939444477,102.4637213546287,0.9934411893310013
32,7,31,8,283.0623928745687,202.89237270135868,152.21325822546345,22.471723727779832,99.89499911036775,0.9931820143264003
32,8,31,9,284.23347569783266,202.2098644443106,164.19249855996952,23.383676022759783,106.27512470226583,0.9909368191721133
33,1,30,14,284.81224742681934,189.04070300530503,173.60581117522736,26.293501408580358,114.74248267250658,0.9783267927220834
33,2,30,15,282.50563758526647,189.32063282098244,140.83837030598133,20.6383931921928,103.95213498815652,0.9866151634926339
33,3,30,12,287.1536842239924,187.93038001918586,197.14591945564297,28.93640555097226,111.32687311630383,0.9907170011493237
33,4,30,13,283.1718160312045,190.8225647577214,148.77283661232494,24.01869588155217,109.41670124766158,0.9924865831842576
33,5,31,14,286.2798473894954,202.75742361840565,188.16133184605133,26.435209166770584,110.3062581241362,0.9946170137663255
33,6,31,15,283.1255383070709,201.86020571849798,151.39661350018145,21.886471687256858,108.3344745482166,0.9943716471726322
33,7,31,12,282.9395934039015,201.68622208106228,141.47760200298572,21.539304988082684,105.05149605352354,0.9943915249710674
33,8,31,13,283.3520348157596,202.35923294460832,150.44636117674378,23.225028659486462,109.99064103714967,0.990597539543058
34,1,30,18,282.4769748667975,190.2307835477186,139.9525226015889,22.337743767244458,115.18197148412293,0.9830508474576272
34,2,30,19,282.1365095681374,188.18843169804734,138.32181990701272,21.750223538060254,110.85844655379796,0.9867573696145124
34,3,30,16,283.29184983200116,188.310198517044,153.8961497859817,24.596047238439564,110.65107193802035,0.9931630082763584
34,4,30,17,284.06677233071946,190.00010569191556,157.9063210219237,24.489331857631246,108.1082324138788,0.9910626508177675
34,5,31,18,281.9617082296427,202.54471647198204,142.6118747847221,21.568218408356323,108.84303809069408,0.9906024942912348
34,6,31,19,283.4888977641017,203.06882969412277,158.96167287840456,23.765672005864875,105.61223353548945,0.9948191078328065
34,7,31,16,279.450606638356,203.56283581072637,124.3789602700025,19.979326780727945,104.299786842451,0.991673894189072
34,8,31,17,281.95463760720764,202.77318980242285,137.8461452935383,21.196572821191417,109.91380761082772,0.9888437256767275
35,1,30,22,280.2000395676,189.51286100617966,130.23461029763132,20.978363392835455,114.05643561229053,0.9818429414434862
35,2,30,23,281.2700556406226,187.7939071449427,128.78328903666878,19.608076560962623,111.08937855457594,0.9853034564093259
35,3,30,20,285.7530731278771,186.3672917651914,176.44304681842982,27.35065524926368,107.56788569162956,0.9915016725431697
35,4,30,21,282.10467383317217,191.09746999272448,141.94804834235873,22.45168903283703,109.75599135385383,0.9926318627010513
35,5,31,22,283.05112652191406,201.88821955862363,152.7796384979967,23.315207926895077,108.18492808264307,0.9944879089615932
35,6,31,23,280.964405584467,200.66862752284175,128.97219417386142,19.047926060681036,106.61534863701429,0.9926717287656719
35,7,31,20,282.3964486416349,202.33036443619244,143.86967676796945,21.425937968804845,103.72171039284454,0.9944380683323033
35,8,31,21,283.97866521064753,202.39978354898233,157.69495597400942,24.042883221560267,111.79493400637747,0.9910439898147335
36,1,32,2,281.19010649841215,191.36425742762168,139.07948149599008,22.340470747198893,114.46026707808521,0.9824480793971696
36,2,32,3,282.734875643173,188.3354023818767,142.70567327575145,22.16575926419645,105.5323454844304,0.9890330835313471
36,3,32,0,285.36527496880416,188.34204123844808,180.79295577179465,28.699130517657405,110.04604922578875,0.9920770685153507
36,4,32,1,286.90818232228634,188.47144764979572,205.81746157009445,29.976395035543177,112.55710472973756,0.9896429544835105
36,5,33,2,282.80822509790823,203.5381861560054,151.3709572646691,23.754800674675906,111.63878906525522,0.9928038379530917
36,6,33,3,284.6614366334147,201.50895387425635,167.18514483698755,25.003832812342555,99.99182955554953,0.9933850767331099
36,7,33,0,280.4964953461363,203.6935568993871,139.25605211835943,23.01470081803879,103.75112133944933,0.9942277418226343
36,8,33,1,282.54340481930063,201.48165327975647,143.82418226802426,22.561944401328248,107.62679498218586,0.9897745149449397
37,1,32,6,279.38327056805724,190.39770459112088,126.99960920736567,20.307359582848946,112.02580768134344,0.981859410430839
37,2,32,7,279.3910747912437,189.04168446903844,120.02446744676888,17.608069356100152,107.54143436167327,0.9873429247860135
37,3,32,4,284.10341069038395,188.6630689988326,172.2934051571175,26.485275795947302,110.92410856546233,0.9910925286311579
37,4,32,5,285.39189946494037,190.70624417604967,183.23537937988254,27.537154709149732,111.20290281955872,0.9920792079207921
37,5,33,6,284.2203897247928,201.5431239286787,153.58130590662483,23.81618970725507,115.56851947581924,0.9915072411943501
37,6,33,7,281.7184463346895,200.78344706226517,136.72107312558,20.591544553131982,108.67669134690935,0.9903931684753603
37,7,33,4,286.01008633334743,201.41790418538858,181.52631456111868,25.973067215179952,104.31362594721806,0.9934985064136356
37,8,33,5,286.2877845929812,201.8611258903273,187.27160890844542,28.731420815021345,117.58245067863145,0.9911465638148668
38,1,32,10,282.5184963065673,190.88691387666813,145.20251527826053,23.9988441455434,112.48081763974038,0.9798523110584374
38,2,32,11,278.61123602915757,190.0610045753989,119.24429080892124,20.44255353605544,107.65114369046991,0.9886737303617099
38,3,32,8,283.6911025248937,188.76214570443705,161.01351493547534,24.455724723911445,107.760563706654,0.9910049064146829
38,4,32,9,282.5340875610871,189.92127013722052,142.88627025547402,21.977012339357778,110.31764631207392,0.9921480144404332
38,5,33,10,282.80398337417114,202.6987858665134,142.40014977878144,23.16306222893793,112.29975833914628,0.9939106295334468
38,6,33,11,282.9066666504844,202.2773936362401,145.92337016417142,22.983482360656858,103.16446159458053,0.9946784922394678
38,7,33,8,283.3743677759345,202.47967584445735,152.59949074767343,23.088322619682472,106.88867534454363,0.994512303062489
38,8,33,9,285.261456345839,202.79422179959084,179.55366685485546,27.2475674609856,109.38402309133674,0.9905043993379214
39,1,32,14,282.38353426554187,188.7410871714551,139.7998144628349,21.630913832320555,113.16061543402932,0.9795559666975023
39,2,32,15,284.53887879796713,190.22008283779502,156.75627611857078,22.539699158648652,113.4802607630671,0.9889908256880734
39,3,32,12,282.252588918491,190.1732327316688,138.03561613322216,21.474147646409897,108.77554527804341,0.9940266087428726
39,4,32,13,284.0810669480953,191.15593986989984,152.07078407003792,22.8359088776214,117.74202375697595,0.9918728883207013
39,5,33,14,284.55660349045917,202.81625093645562,171.1597933198601,26.423062114786923,108.13399206703971,0.9949423247559893
39,6,33,15,285.05426354676734,199.1175418940254,160.13419147283656,22.494424885510217,109.35850615132253,0.9933862433862434
39,7,33,12,283.1944692894947,202.578207585636,149.59711194625766,23.454949772604564,101.63840879807407,0.9928628780444286
39,8,33,13,284.9222116665868,202.74716024948236,168.85656483948435,25.737868456229677,106.91594557046582,0.989865765845853
40,1,32,18,283.32657928549526,190.62005732044526,148.30516095811385,22.284617942073098,115.49046696899416,0.9832196201364558
40,2,32,19,284.1672737912527,190.90561634589085,167.03268411910966,25.314729424816043,110.50341932241247,0.9890180878552972
40,3,32,16,282.9449765038039,188.49865181306933,144.29053487932924,21.980735632751678,94.21694009498624,0.9919697249400037
40,4,32,17,281.62565134556417,190.55115939104815,142.52912507204059,22.902936975861795,107.92557252284101,0.9902456979847244
40,5,33,18,282.981231054615,201.24517779643696,143.7310627243947,22.117214592178875,108.04967929685462,0.9927452888613643
40,6,33,19,282.18269891600954,200.59867523792713,139.77131035824,21.123739651335466,101.5588519698232,0.9933662034961901
40,7,33,16,283.3926955854578,201.4394470258382,156.63097210288365,23.17328188033852,100.5781713113839,0.9932068813409792
40,8,33,17,284.6793039813424,202.23559163129266,162.09768548778482,23.31830289718071,113.03704344446363,0.9909752037150618
41,1,32,22,286.21620088596353,189.31773401962766,173.60925804148704,25.069343460306065,121.1507197669647,0.9839646115565386
41,2,32,23,281.7133927633442,189.47222557478068,134.36320724147856,18.55708700474344,109.40199857726034,0.9901171303074671
41,3,32,20,282.3631289970625,188.8994099570868,141.64414271161488,21.96794536615604,111.29185012676183,0.9902111846279343
41,4,32,21,279.9706939891072,190.72072294416625,119.09923931400493,18.91763758177835,115.64634105990403,0.9929015084294588
41,5,33,22,283.27566542624874,203.42903647351972,164.80207112545793,24.870589334521522,110.38221510935949,0.9933152664859982
41,6,33,23,281.9101333552073,200.98722922243866,142.5713202699558,20.600342469290403,103.99384438042703,0.9934437848852662
41,7,33,20,282.00679834332016,201.8329105692576,145.71624760722744,22.956547277154918,102.96871933178136,0.994351279788173
41,8,33,21,282.6800092038703,203.2440005451677,147.6693656441409,22.582933406964997,109.52235794863013,0.9905535446278803
42,1,34,2,286.5542469141017,191.0550232837154,150.86946727622478,23.312754215059577,113.36200592915054,0.9796215429403202
42,2,34,3,282.8776804705698,190.42969756386134,127.73353984627894,21.21246868746224,109.19464933873192,0.9889999083325695
42,3,34,0,285.655259455483,189.50610445873735,153.22983035838092,24.875957240833852,110.74500148652452,0.9929961797344006
42,4,34,1,283.16418792203257,189.43137499519986,127.04650024957103,20.64587833886405,111.69691061655966,0.9922843758611187
42,5,35,2,280.3081720473707,202.62477655846544,130.3616715797345,19.94753849091056,113.09667070759271,0.9936368524825238
42,6,35,3,281.72283965872174,201.8134001933782,141.21302420459006,22.234180413394988,102.05879210181337,0.9930661864025214
42,7,35,0,284.8123081979463,201.89747304894928,171.7449386021716,25.983495189588858,101.43404716582751,0.994245121841561
42,8,35,1,282.99406061798953,201.13331516185286,154.34082396783728,23.699683255350475,109.43445818819225,0.99033646666081
43,1,34,6,289.3735070098671,189.61720495992347,188.13713042464298,28.715770602009766,120.6278524220755,0.9809656453110492
43,2,34,7,286.352200155119,190.9787539803483,155.30366954269368,22.030800783440622,107.29749592441404,0.9893568217267639
43,3,34,4,284.5852588066637,187.74677824827745,142.62387492142787,23.434273422706198,117.43466178521345,0.9903457153365208
43,4,34,5,284.5106532533821,189.21172935661536,132.33584826627788,21.890531240821698,114.74441323820716,0.9917950588020786
43,5,35,6,283.9601651145083,203.27572051493178,166.22091035046975,27.470163135540748,112.6781230421086,0.9936635430611335
43,6,35,7,283.0128812768633,204.16680262690932,147.81948836591727,20.685716429159335,107.82679996038497,0.9948636202621325
43,7,35,4,285.3219571980652,201.76340548953544,190.2506349515238,28.877123594418016,105.31413619361696,0.9915811628518811
43,8,35,5,283.0228156684863,201.27548369734842,151.5936218483558,23.744965079272596,110.56893480144701,0.9890539483971853
44,1,34,10,285.6216122242571,190.18761201166,145.79095192993034,22.34989954360462,111.67176033684656,0.9826047358834245
44,2,34,11,284.57076798770106,189.40436338782246,133.9872379924917,21.358165061600623,109.66870693230985,0.9896598639455783
44,3,34,8,287.4236486599239,189.0087090996617,170.8760777337157,26.46110885108942,106.10545078815333,0.994640261627907
44,4,34,9,286.6653509391214,188.91832351827742,140.15000221648518,22.018872029051305,112.16198980164374,0.9926733380986419
44,5,35,10,280.96943133943466,202.90093014301965,128.62635479697886,19.17571509179026,109.41263229724157,0.9928806620984248
44,6,35,11,282.5589876462209,201.89366556386256,137.59876151322152,21.084907215612063,105.1830490732003,0.9946060659651605
44,7,35,8,285.10136537059697,201.77878026259634,172.3763278087605,24.050679341972657,103.8179450787762,0.9923997553944265
44,8,35,9,282.5116556866161,201.6905700608644,144.18962311864482,21.552426833342466,109.26291740669748,0.9916329047031883
45,1,34,14,287.5366923861479,190.42511421632008,152.39864927481727,23.817895882997334,115.4333100789594,0.9852954607726733
45,2,34,15,287.5994300708193,187.5245474990606,153.30198665859913,22.448391693927228,107.59855774103625,0.9888390815112982
45,3,34,12,285.73056938180935,190.23947671584358,147.07648117375413,22.71971386332777,105.3253819798431,0.991652300154251
45,4,34,13,285.25536408874126,189.69440389957873,138.0782864170397,21.376098412942483,112.63964383615334,0.9927358576228094
45,5,35,14,284.70746562570366,202.7816834862724,159.8515042589661,22.64469287519411,125.41467066067017,0.9948618001417434
45,6,35,15,284.6710936601852,200.47803543392877,153.83528367740152,20.61696146118805,111.98084894856467,0.9919547343294138
45,7,35,12,282.13367608572145,200.27292617664574,141.8036864453735,21.473980817665726,107.60331482578658,0.991795237670561
45,8,35,13,285.4713097331161,200.81351609539826,166.23954927164232,25.101974949845204,117.08630380900235,0.988047108454913
46,1,34,18,284.58317927247816,188.93697756635225,135.56030194281283,21.562993423085203,115.20765705559012,0.9807692307692307
46,2,34,19,285.44719840293965,191.20763381248275,144.61779302872773,23.431571820171868,108.1086155777814,0.9879841020427027
46,3,34,16,287.2971765524982,188.4471507627976,165.64314867925845,25.838992565135307,109.79078732035312,0.9946857247571926
46,4,34,17,287.8989552511537,190.00186170152068,159.78883158989552,24.051413026582168,117.75734214719223,0.9928721557159829
46,5,35,18,283.04766269208625,202.20701712181398,152.87975092359676,22.234401445972395,111.84401651927102,0.9934873762155411
46,6,35,19,281.21336338519274,201.25875918861942,131.48480780114946,20.54176289302768,102.81791561492984,0.9932051855163165
46,7,35,16,280.9532238379866,201.20554360439888,137.42457953662316,21.257092687468393,105.50617231495492,0.9916137005649718
46,8,35,17,281.5301187018313,201.32152702877505,136.8727191562343,20.790019521035575,108.51596545463947,0.9888485706699708
47,1,34,22,284.58996983214763,189.9206039157608,137.45261573899108,20.822378585127403,111.54194552568315,0.9821084503165428
47,2,34,23,284.5124231934857,190.43587720181017,137.1902440144788,20.43602133455305,109.22794028968771,0.989804278561675
47,3,34,20,288.0079490288729,188.8393901915391,179.01802208505606,27.051132523589132,104.36508656804635,0.992904533726502
47,4,34,21,286.3993772335888,190.36358558247338,151.60443546312496,24.117388104164597,110.37706913405665,0.9938854419566586
47,5,35,22,285.96855708672365,201.27449784755072,182.9782643475408,27.520855770349037,115.27283901106503,0.9943140794223827
47,6,35,23,280.7393802938491,202.8408969367557,131.32268465060397,19.902318930630198,105.28359478266854,0.9933572710951526
47,7,35,20,282.1405255789493,201.14408397819415,143.1703373685756,22.311806967944584,106.07938101517199,0.9925184784568235
47,8,35,21,283.1283032774554,200.8995893704071,153.0323766691785,23.545472775647372,114.05168113941683,0.9878679750223015
48,1,36,2,284.8231567654244,189.13902894387036,139.0245346664367,22.050102372692102,113.37533368534721,0.9820425453540842
48,2,36,3,286.35825839546845,189.15023185689313,146.1979978417361,22.65155845273283,108.15309662996962,0.9881073107771734
48,3,36,0,283.92618943232605,187.3687788567866,128.46948554333846,20.00939076296472,107.78061401560188,0.993242634471574
48,4,36,1,284.130944826195,189.47535704823406,131.12574332001316,20.4252525593746,113.11572637325982,0.9913497927554514
48,5,37,2,288.22734921486693,202.42436470943898,173.45030698231776,25.80122668871484,114.34063039696858,0.9929887640449439
48,6,37,3,287.3981940400184,201.45127847760796,159.4974231388351,23.46486128380691,103.03805507128045,0.9953157373209621
48,7,37,0,286.1152631699337,201.20308852212992,146.7121779518793,22.403546948702868,107.20734680893254,0.9928191489361702
48,8,37,1,288.92468562711343,200.8720999761086,180.29331904526163,26.177265278179423,113.1428260218885,0.9889591309767608
49,1,36,6,289.2547003269815,188.45009346157667,176.0668121322064,26.933875028865984,112.90954135084773,0.9800478116954763
49,2,36,7,284.372916381531,188.24494510538375,125.07039924079336,18.968433044474274,109.50985927972984,0.9878709914545621
49,3,36,4,287.2106469793543,188.58530573848236,159.93122484106507,24.285724061680888,112.72066517660684,0.9899307159353349
49,4,36,5,289.14596203416215,191.11551513549023,174.05071015964694,26.164844193126676,126.18334117668424,0.991144668158091
49,5,37,6,288.57602839855014,201.78300314512347,183.28888743885375,26.26886915468117,108.70455379276397,0.9942626624831914
49,6,37,7,284.2551776078681,202.32898762109744,129.39419290670102,19.970047568249253,103.4044499708324,0.9935286715800827
49,7,37,4,286.94371213172286,202.95284374033065,162.50247110346558,25.06441851055704,110.35782854895554,0.9934552626860319
49,8,37,5,283.7509806402003,202.69833989177664,127.6609155651333,19.610289683546164,111.54148222224455,0.9910389495164582
50,1,36,10,286.6082609392135,189.46421724747074,149.91105941235168,24.187772981178533,110.25702058636705,0.9835866828312972
50,2,36,11,289.13659992456246,187.795573242738,177.47276604017554,28.202268936285183,106.58153757997084,0.9884060703176548
50,3,36,8,286.07954844525483,189.63477918151972,158.77202207619982,26.467093522428026,107.03325919784012,0.991906976744186
50,4,36,9,286.4034515120695,188.91266752954118,149.62898253834882,23.539347832360463,114.19728259916762,0.9920296570898981
50,5,37,10,286.8922672517998,203.25433992659407,152.54908361035712,23.97508309789942,110.22856547035876,0.9936657316079993
50,6,37,11,285.8585442238275,202.08409157163385,139.78862123789546,22.696854576078522,109.44429564601887,0.9951716738197425
50,7,37,8,287.3593543024453,201.84833743709095,160.9729904486358,25.213077622278824,104.08668956471271,0.9922137674747832
50,8,37,9,287.03372289786006,203.5855284489479,146.84925342933218,21.810296707417287,112.29555479092258,0.9933595456531237
51,1,36,14,286.1371124919887,190.63762024282272,143.94910390531473,22.99815832961128,112.37444218531786,0.9823846955204091
51,2,36,15,284.42733219240404,190.31884521113722,130.23927987037038,20.403751314001916,105.17843849918232,0.9885553470919325
51,3,36,12,286.2870916684781,187.98078398832507,143.5617726064517,24.14385537473076,106.59079262418675,0.9923770568002231
51,4,36,13,287.5626695749937,188.66215215640005,147.75193555380696,22.834129247294165,113.83676276948,0.9925530936839202
51,5,37,14,286.11330641020913,200.8662409083313,145.63510367182258,21.97471893384295,111.42410872172326,0.9911107120409446
51,6,37,15,287.97980189096927,201.92250368649542,165.10969145199033,23.40094684133052,104.08573078783874,0.9945740640260445
51,7,37,12,285.3154279049449,203.72845749341565,139.96420108147495,21.383240582208543,100.4387079419495,0.9925886239842843
51,8,37,13,287.64097499968943,201.26874013130418,152.91438150472652,23.620238275940125,107.43592370831013,0.9917228969860549
52,1,36,18,286.9352440500614,188.95546671150925,152.09625647746418,24.809786796728584,119.5554727161164,0.981552579829572
52,2,36,19,289.21902655544386,188.02242547789103,183.09922501983414,26.643880207862644,110.15296044465515,0.9895571095571095
52,3,36,16,287.6249812160929,188.12637032793265,162.00954677090527,25.823881952346795,110.18063706375295,0.9916504313943779
52,4,36,17,285.74771002477104,189.81334508604334,146.9732940572305,22.388929536236198,112.82109244186461,0.9915206331260599
52,5,37,18,287.7462024631973,202.28846160022556,165.6025633201146,25.97191037989422,109.73389125031498,0.9932353206458013
52,6,37,19,285.1736143958179,203.13084627570612,137.9797949418583,21.752389134186835,107.85876551989722,0.994392523364486
52,7,37,16,284.77693527604663,201.83927681605013,143.23666395042667,23.422172289383226,101.82209613551962,0.9942806076854335
52,8,37,17,286.48797256166654,202.07209311876278,159.2088979703488,26.855489909736374,109.48640613013715,0.9910418346322674
53,1,36,22,285.00613348991084,188.95473345006826,141.05793249314368,22.374235783773553,115.00593806480909,0.9827991352570731
53,2,36,23,288.20613983218533,187.62216154443553,163.44815325590642,24.525523471794866,109.42040787784813,0.9890622027772494
53,3,36,20,285.6764836280646,191.42932534136582,156.28277965410206,24.806763859351044,107.6669111716507,0.9931985641413187
53,4,36,21,287.5731249088738,189.16428130430035,166.62930423888244,25.957471268612824,113.53097427857062,0.9905261221486387
53,5,37,22,283.8241339559126,201.13512945279354,132.33697340984062,22.182112664038534,111.66704540325293,0.9906439185470556
53,6,37,23,285.5598112697387,202.54100582953203,147.609216429152,22.590092462770887,103.54312345777899,0.9935186924666541
53,7,37,20,285.55283416243407,203.80218313192466,151.2638493382873,24.057882769854807,103.56839466339294,0.995921326928306
53,8,37,21,288.20299953177306,201.76573670041745,171.52002599121096,27.12436805671924,111.85635856292255,0.9921162613981763
54,1,38,2,283.98986616091537,189.10048412071842,157.1458678048283,24.86355949724274,115.72017238655542,0.981306628516929
54,2,38,3,280.0309358972555,188.85655046036015,126.27181171137337,20.69141108312076,111.52402689445253,0.9896839538591391
54,3,38,0,284.0807552784962,189.57832950291913,161.49601599810245,26.726496531482603,110.38290938616362,0.9917127071823204
54,4,38,1,283.23042862465354,190.2764650872067,145.28800758290146,23.50133592569849,114.0274717428195,0.9916697865967802
54,5,39,2,284.00919885027514,201.7955634172879,177.3966111552243,25.59620667559126,108.67616599986201,0.9924333302574513
54,6,39,3,283.6784125627846,201.62842180507351,164.60971060649166,25.66058101016514,101.38105523748285,0.9941295175197211
54,7,39,0,285.86914907283267,200.37384169665887,183.0992745163361,28.813137411651866,109.4112482882839,0.9937016890924707
54,8,39,1,284.51332991636593,202.73431737881026,176.51836053643277,24.77551605081723,109.43820221981228,0.9930792273525463
55,1,38,6,282.92009100369603,190.60668903389364,151.47953133285068,23.964414943068796,108.95174903744179,0.9829196942530904
55,2,38,7,283.61808188707806,190.0139338724935,155.1177792762573,23.056786114998932,105.98211656098073,0.9859876304599923
55,3,38,4,281.2555857438621,189.7418867042806,138.9084176257008,21.719016888693712,109.3292871413774,0.9928686887895788
55,4,38,5,283.18691040669677,191.28489733683836,157.16797382860872,25.079405189981554,106.60913927409521,0.9901578458681523
55,5,39,6,281.6523374857184,203.4659892520247,145.61911937763233,22.317772738761228,109.77720079131022,0.9955825510767532
55,6,39,7,282.09531823051293,203.44663649993925,141.48273483242477,20.804773989565177,109.00464717286194,0.9931232679872729
55,7,39,4,282.15001203030243,201.80873414837583,146.52009555049077,23.392033682938745,99.28113977267415,0.9931225621022377
55,8,39,5,282.13408803429274,202.4487395139796,144.8235512185539,22.849233239907175,105.77192504102166,0.9911610129001434
56,1,38,10,282.85162958214937,191.64729347051548,143.6072573268892,23.202542660109827,111.23879043666653,0.9825721153846154
56,2,38,11,285.4005591601155,188.04311683797602,164.00853159123596,24.949085295646544,103.68157417087713,0.9876300805026507
56,3,38,8,284.8086407053816,189.95269171629405,169.19000595967793,27.647962796374443,112.43696520271192,0.9937381404174573
56,4,38,9,282.2042032087864,190.7086538508384,141.83004625750843,22.14932491138344,109.02930161774603,0.9914105745371254
56,5,39,10,282.66273606495787,202.16997471008142,144.9113249858166,22.672082779707893,109.2531417153731,0.9930091185410335
56,6,39,11,285.01154482877837,201.8618930776194,169.38549302176386,24.822794542793055,102.71948582676033,0.9928843086737824
56,7,39,8,281.41452990563585,204.9577948791919,145.102791841576,22.215486065878537,102.84140828959744,0.9945074626865672
56,8,39,9,285.9594912595466,200.16603751562542,178.52875401553075,25.827202375428048,107.50823470810602,0.9894601908560035
57,1,38,14,283.04773124424867,188.4681193107739,135.81339823640297,20.273221369534525,109.39408554904001,0.9816413506720577
57,2,38,15,285.34502413785793,187.90491890669063,157.16483581006423,23.39762950478825,106.83830072133105,0.9870158943362436
57,3,38,12,284.23406099041387,189.6934743825937,164.67654128391726,24.733608828945677,103.93624713355536,0.9907944766860116
57,4,38,13,286.199927305175,188.74529370500403,178.4078251884535,27.255944887480645,109.29296761328011,0.9908033826638478
57,5,39,14,281.84230306324105,201.20235017042467,139.81277376493307,21.343747946948675,103.5637670027926,0.9911138923654568
57,6,39,15,282.23126906004916,201.9526772545778,133.83458655244218,20.20566474498016,107.84780256410306,0.9944161602890458
57,7,39,12,282.6419593302115,202.14017456381913,144.23843914431436,21.999880330447255,99.80099231901987,0.9937048978965146
57,8,39,13,285.39673005912886,203.52546458891788,171.09584434010304,26.226268756876117,108.28344006611867,0.9932022781554289
58,1,38,18,285.051116291415,191.28023058935685,160.21067886971488,25.66356065945447,117.75816388811997,0.9800459547708308
58,2,38,19,280.71403867114395,190.54481488855436,126.75340355012968,21.26248134623359,104.14468979461645,0.9894767190428139
58,3,38,16,283.9276811314718,188.74054577526715,145.70533265167683,22.234568221398533,104.67641856034564,0.9925301204819277
58,4,38,17,283.00519331241725,190.0897645266769,148.96699045232418,23.975692255822096,99.74330250400496,0.9919871794871795
58,5,39,18,283.19511111226166,203.73345491797687,147.94141412559048,22.906844850407325,111.47764636073715,0.9959031657355679
58,6,39,19,286.41969385750747,200.85013751829132,190.65541333546474,27.818670642782664,111.80313690475919,0.9936898040518101
58,7,39,16,279.55246692290507,202.4979818808169,126.63547801498369,20.666164830611933,99.09335457983602,0.9931285367825384
58,8,39,17,281.93193795764074,202.36995803314886,146.3510946362878,24.134720879564668,104.122770219694,0.9856658848058379
